%YAML:1.0
---
K: !!opencv-matrix
   rows: 3
   cols: 3
   dt: d
   data: [ 3.6970062739659591e+02, 0., 3.2263400454243168e+02, 0.,
       3.6931041578814438e+02, 1.8189982019839633e+02, 0., 0., 1. ]
D: !!opencv-matrix
   rows: 5
   cols: 1
   dt: d
   data: [ -3.9905964014843054e-01, 2.0180314396227186e-01,
       3.9012542192460231e-04, -1.0892539517748262e-04,
       -5.4082460684982805e-02 ]
xi: !!opencv-matrix
   rows: 1
   cols: 1
   dt: f
   data: [ 0. ]
image_shape: !!opencv-matrix
   rows: 3
   cols: 1
   dt: d
   data: [ 360., 640., 3. ]
