%YAML:1.0
---
K: !!opencv-matrix
   rows: 3
   cols: 3
   dt: d
   data: [ 4.2682085087271906e+02, 0., 3.2380292537772397e+02, 0.,
       4.2830248761135005e+02, 1.8669155906957639e+02, 0., 0., 1. ]
D: !!opencv-matrix
   rows: 5
   cols: 1
   dt: d
   data: [ -5.3333327247282936e-01, 3.4315959081901248e-01,
       1.3247191301277933e-03, -1.5551909486022509e-03,
       -1.1287854936756692e-01 ]
xi: !!opencv-matrix
   rows: 1
   cols: 1
   dt: f
   data: [ 0. ]
image_shape: !!opencv-matrix
   rows: 3
   cols: 1
   dt: d
   data: [ 360., 640., 3. ]
