%YAML:1.0
---
K: !!opencv-matrix
   rows: 3
   cols: 3
   dt: d
   data: [ 3.5672004835489565e+02, 0., 3.2150001281299404e+02, 0.,
       3.5587972577463603e+02, 1.8279581400369659e+02, 0., 0., 1. ]
D: !!opencv-matrix
   rows: 5
   cols: 1
   dt: d
   data: [ -3.8815286848919062e-01, 2.1282063904394405e-01,
       -3.7235900370180444e-04, 7.3499718888321520e-05,
       -7.1915118007596340e-02 ]
xi: !!opencv-matrix
   rows: 1
   cols: 1
   dt: f
   data: [ 0. ]
image_shape: !!opencv-matrix
   rows: 3
   cols: 1
   dt: d
   data: [ 360., 640., 3. ]
