%YAML:1.0
---
K: !!opencv-matrix
   rows: 3
   cols: 3
   dt: d
   data: [ 3.5822816906654884e+02, 0., 3.2126637488108980e+02, 0.,
       3.5755220000462043e+02, 1.8289926987118011e+02, 0., 0., 1. ]
D: !!opencv-matrix
   rows: 5
   cols: 1
   dt: d
   data: [ -3.8583580727482675e-01, 2.0999656424896967e-01,
       9.2823286397048183e-05, 1.4854216107901101e-04,
       -7.0949524296123306e-02 ]
xi: !!opencv-matrix
   rows: 1
   cols: 1
   dt: f
   data: [ 0. ]
image_shape: !!opencv-matrix
   rows: 3
   cols: 1
   dt: d
   data: [ 360., 640., 3. ]
