%YAML:1.0
---
K: !!opencv-matrix
   rows: 3
   cols: 3
   dt: d
   data: [ 3.5684990863638575e+02, 0., 3.2099653690039406e+02, 0.,
       3.5621407775587556e+02, 1.8341737957612264e+02, 0., 0., 1. ]
D: !!opencv-matrix
   rows: 5
   cols: 1
   dt: d
   data: [ -3.8515426831469907e-01, 2.0656053932152851e-01,
       -8.8849607346589934e-05, -2.2816232605947303e-04,
       -6.7033069978115700e-02 ]
xi: !!opencv-matrix
   rows: 1
   cols: 1
   dt: f
   data: [ 0. ]
image_shape: !!opencv-matrix
   rows: 3
   cols: 1
   dt: d
   data: [ 360., 640., 3. ]
