%YAML:1.0
---
K: !!opencv-matrix
   rows: 3
   cols: 3
   dt: d
   data: [ 3.5700937770412298e+02, 0., 3.2098048848293303e+02, 0.,
       3.5636381663956524e+02, 1.8430897401510347e+02, 0., 0., 1. ]
D: !!opencv-matrix
   rows: 5
   cols: 1
   dt: d
   data: [ -3.8561991679297025e-01, 2.0812758840754211e-01,
       -2.3961581495611582e-04, -8.2291624067224874e-05,
       -6.8651770449768779e-02 ]
xi: !!opencv-matrix
   rows: 1
   cols: 1
   dt: f
   data: [ 0. ]
image_shape: !!opencv-matrix
   rows: 3
   cols: 1
   dt: d
   data: [ 360., 640., 3. ]
