%YAML:1.0
---
K: !!opencv-matrix
   rows: 3
   cols: 3
   dt: d
   data: [ 3.5691556154564984e+02, 0., 3.2159996579925365e+02, 0.,
       3.5607574764709761e+02, 1.8380826215770065e+02, 0., 0., 1. ]
D: !!opencv-matrix
   rows: 5
   cols: 1
   dt: d
   data: [ -3.8144323933066510e-01, 1.9579888685351221e-01,
       -2.6833546722488299e-04, -2.6784190364637509e-05,
       -5.8653119203589045e-02 ]
xi: !!opencv-matrix
   rows: 1
   cols: 1
   dt: f
   data: [ 0. ]
image_shape: !!opencv-matrix
   rows: 3
   cols: 1
   dt: d
   data: [ 360., 640., 3. ]
