%YAML:1.0
---
K: !!opencv-matrix
   rows: 3
   cols: 3
   dt: d
   data: [ 3.5759575608868732e+02, 0., 3.2148780295316044e+02, 0.,
       3.5693588722535543e+02, 1.8381818290131727e+02, 0., 0., 1. ]
D: !!opencv-matrix
   rows: 5
   cols: 1
   dt: d
   data: [ -3.8388280396619856e-01, 2.0105245989182480e-01,
       -1.3805846018838296e-04, -1.7066146261519844e-04,
       -6.2408607730662681e-02 ]
xi: !!opencv-matrix
   rows: 1
   cols: 1
   dt: f
   data: [ 0. ]
image_shape: !!opencv-matrix
   rows: 3
   cols: 1
   dt: d
   data: [ 360., 640., 3. ]
