%YAML:1.0
---
K: !!opencv-matrix
   rows: 3
   cols: 3
   dt: d
   data: [ 3.5863532252709433e+02, 0., 3.2101159478782375e+02, 0.,
       3.5798954956861888e+02, 1.8291365287115227e+02, 0., 0., 1. ]
D: !!opencv-matrix
   rows: 5
   cols: 1
   dt: d
   data: [ -3.8226721115426637e-01, 1.9689616966185941e-01,
       1.0256245425832805e-04, -1.9493414791575675e-04,
       -5.8861855570501886e-02 ]
xi: !!opencv-matrix
   rows: 1
   cols: 1
   dt: f
   data: [ 0. ]
image_shape: !!opencv-matrix
   rows: 3
   cols: 1
   dt: d
   data: [ 360., 640., 3. ]
