%YAML:1.0
---
K: !!opencv-matrix
   rows: 3
   cols: 3
   dt: d
   data: [ 3.5850846887105706e+02, 0., 3.2264501263718518e+02, 0.,
       3.5754034679526774e+02, 1.8461383303006889e+02, 0., 0., 1. ]
D: !!opencv-matrix
   rows: 5
   cols: 1
   dt: d
   data: [ -3.7694592446303787e-01, 1.8414542980060553e-01,
       -3.7947787550223584e-04, -6.8397125509183677e-04,
       -5.2247334238059759e-02 ]
xi: !!opencv-matrix
   rows: 1
   cols: 1
   dt: f
   data: [ 0. ]
image_shape: !!opencv-matrix
   rows: 3
   cols: 1
   dt: d
   data: [ 360., 640., 3. ]
