%YAML:1.0
---
K: !!opencv-matrix
   rows: 3
   cols: 3
   dt: d
   data: [ 3.5716674669845872e+02, 0., 3.2044459146187376e+02, 0.,
       3.5652985339681936e+02, 1.8399502206904927e+02, 0., 0., 1. ]
D: !!opencv-matrix
   rows: 5
   cols: 1
   dt: d
   data: [ -3.8406951597338940e-01, 2.0309731603292477e-01,
       1.1492668508338811e-04, -2.6487142534838229e-04,
       -6.4433467036868183e-02 ]
xi: !!opencv-matrix
   rows: 1
   cols: 1
   dt: f
   data: [ 0. ]
image_shape: !!opencv-matrix
   rows: 3
   cols: 1
   dt: d
   data: [ 360., 640., 3. ]
