%YAML:1.0
---
K: !!opencv-matrix
   rows: 3
   cols: 3
   dt: d
   data: [ 3.5718242223220972e+02, 0., 3.2083175345826834e+02, 0.,
       3.5644724007534143e+02, 1.8202941901932152e+02, 0., 0., 1. ]
D: !!opencv-matrix
   rows: 5
   cols: 1
   dt: d
   data: [ -3.8874185206294654e-01, 2.2463195204688241e-01,
       1.5771406932870539e-04, 2.5698100606759801e-04,
       -8.6498721750418631e-02 ]
xi: !!opencv-matrix
   rows: 1
   cols: 1
   dt: f
   data: [ 0. ]
image_shape: !!opencv-matrix
   rows: 3
   cols: 1
   dt: d
   data: [ 360., 640., 3. ]
